6
36
66
96
126
156
186
216
246
276
306
336
366
396
426
456
486
515
545
575
605
635
665
695
725
755
785
815
845
875
905
935
965
995
1025
1055
1085
1115
1145
1175
1205
1235
1265
1295
1325
1355
1385
1415
1445
1475
1504
1534
1564
1594
1624
1654
1684
1714
1744
1774
1804
1834
1864
1894
1924
1954
1984
2014
2044
2074
2104
2134
2164
2194
2224
2254
2284
2314
2344
2374
2404
2434
2464
2494
2523
2553
2583
2613
2643
2673
2703
2733
2763
2793
2823
2853
2883
2913
2943
2973
3003
3033
3063
3093
3123
3153
3183
3213
3243
3273
3303
3333
3363
3393
3423
3453
3483
3512
3542
