14
44
74
103
133
163
193
223
253
283
313
343
373
403
433
463
493
523
553
583
613
643
673
703
733
763
793
823
853
883
913
943
973
1003
1033
1063
1093
1122
1152
1182
1212
1242
1272
1302
1332
1362
1392
1422
1452
1482
1512
1542
1572
1602
1632
1662
1692
1722
1752
1782
1812
1842
1872
1902
1932
1962
1992
2022
2052
2082
2111
2141
2171
2201
2231
2261
2291
2321
2351
2381
2411
2441
2471
2501
2531
2561
2591
2621
2651
2681
2711
2741
2771
2801
2831
2861
2891
2921
2951
2981
3011
3041
3071
3100
3130
3160
3190
3220
3250
3280
3310
3340
3370
3400
3430
3460
3490
3520
3550
