17
47
77
107
137
167
197
227
257
287
317
347
377
407
437
467
497
527
557
587
617
647
677
707
737
767
797
916
946
976
1006
1036
1066
1096
1126
1156
1186
1216
1246
1276
1306
1336
1366
1396
1426
1456
1486
1516
1546
1576
1606
1636
1666
1696
1726
1756
1786
1905
1935
1965
1995
2025
2055
2085
2115
2145
2175
2205
2235
2265
2295
2325
2355
2385
2415
2445
2475
2505
2535
2565
2595
2625
2655
2685
2715
2745
2775
2805
2924
2954
2984
3014
3044
3074
3104
3134
3164
3194
3224
3254
3284
3314
3344
3374
3404
3434
3464
3494
3524
3554
