14
44
74
104
134
164
194
224
254
284
314
344
374
404
434
464
494
524
554
584
614
644
674
704
734
764
794
824
853
883
913
943
973
1003
1033
1063
1093
1123
1153
1183
1213
1243
1273
1303
1333
1363
1393
1423
1453
1483
1513
1543
1573
1603
1633
1663
1693
1723
1753
1783
1813
1842
1872
1902
1932
1962
1992
2022
2052
2082
2112
2142
2172
2202
2232
2262
2292
2322
2352
2382
2412
2442
2472
2502
2532
2562
2592
2622
2652
2682
2712
2742
2772
2802
2832
2861
2891
2921
2951
2981
3011
3041
3071
3101
3131
3161
3191
3221
3251
3281
3311
3341
3371
3401
3431
3461
3491
3521
3551
