42
239
602
965
1174
1180
1187
1192
1197
1200
1202
1215
1217
1219
1221
1225
1227
1229
1233
1236
1241
1244
1246
1248
1250
1253
1256
1260
1270
1301
1338
1351
1378
1380
1385
1387
1390
1395
1398
1401
1404
1413
1423
1442
1468
1485
1493
1500
1515
1518
1520
1523
1525
1528
1531
1533
1536
1539
1544
1579
1581
1588
1690
2053
2416
2778
3278
3288
3304
3310
3316
3325
3332
3345
3351
3366
3370
3375
3380
3384
3387
3390
3402
3407
3435
3450
3462
3467
3472
3476
3480
3497
3504
3513
3520
3525
3536
3543
3547
3555
3586
3596
3612
3620
3624
3630
3638
3646
3652
3656
3661
3673
3702
3711
3733
3740
3747
3760
3779
3784
3790
3804
3809
3820
3826
3838
3844
3851
3854
3858
3862
3870
3875
3884
3893
3914
3933
3939
3946
3962
3971
3979
3989
3994
4015
4020
4025
4045
4049
4053
4057
4081
4085
4100
4103
4106
4113
4117
4142
4148
4165
4170
4173
4176
4179
4182
4195
4199
4219
4224
4229
4236
4241
4277
4283
4288
4297
4304
4310
4314
4321
4328
4348
4354
4362
4368
4373
4377
4387
4410
4413
4416
4419
4425
4437
4447
4451
4490
4496
4501
4512
4519
4527
4534
4538
4542
4552
4562
4567
4585
4592
4608
4611
4631
4637
4645
4655
4662
4672
4680
4683
4686
4693
4697
4706
4711
4720
4739
4746
4753
4767
4773
4791
4800
4805
4822
4834
4848
4855
4880
4884
4895
4900
4927
4932
4936
4940
4963
4969
5013
5018
5024
5062
5068
5122
5133
5142
5161
5191
5213
5223
5231
5237
5242
5248
5257
5284
5290
5317
5322
5356
5364
5374
5379
5452
5457
5478
5515
5680
6043
6316
6357
6406
6550
6638
6695
6771
6833
7024
7026
7131
7155
7169
7172
7292
7306
7318
7328
7336
7494
7558
7568
7827
7857
7901
7918
7925
7933
7957
7999
8006
8023
8052
8087
8125
8129
8169
8219
8256
8264
8270
8274
8317
8320
8347
8582
8642
8670
8687
8692
8725
8732
8745
8768
8774
8783
8796
8829
8846
8861
8871
8876
8882
8890
8899
8907
8916
8921
8925
8932
8937
8945
8955
8978
9021
9025
9030
9041
9050
9061
9074
9094
9104
9111
9127
9137
9150
9173
9178
9206
9213
9254
9257
9296
9307
9322
9339
9354
9375
9400
9409
9414
9426
9428
9447
9450
9454
9533
9559
9565
9588
9662
9670
9673
9710
9737
9753
9783
9802
9812
9821
9827
9835
9874
9920
9930
9948
9952
9970
9996
10004
10025
10033
10035
10069
10115
10132
10137
10142
10149
10179
10182
10271
10335
10351
10358
10391
10399
10418
10440
10457
10493
10548
10566
10587
10596
10628
10647
10657
10682
10692
10717
10758
10775
10783
10815
10827
10855
10865
10894
10911
10920
10938
10946
10952
10986
10991
11006
11067
11074
11085
11121
11154
11183
11195
11203
11210
11237
11243
11248
11286
11289
11305
11309
11313
11322
11329
11403
11407
11430
11459
11472
11477
11484
11490
11524
11529
11539
11551
11555
11585
11604
11632
11641
11654
11677
11682
11686
11690
11694
11707
11713
11719
11741
11780
11832
11840
11847
11858
11895
11899
11908
11913
11943
11966
11983
12010
12028
12044
12064
12068
12095
12105
12110
12217
12221
12249
12263
12303
12319
12339
12359
12367
12372
12381
12388
12392
12406
12412
12418
12423
12434
12467
12534
12546
12572
12586
12590
12594
12606
12617
12620
12630
12645
12652
12935
13297
13341
13438
13552
13554
13556
13558
13560
13563
13567
13570
13573
13576
13579
13584
13590
13593
13598
13606
13608
13614
13625
13629
13648
13660
13698
13701
13703
13717
13735
13744
13765
13768
13773
13783
